{
 "cells": [
  {
   "cell_type": "markdown",
   "metadata": {},
   "source": [
    "### Portfolio allocation vector\n",
    "\n",
    "* https://colab.research.google.com/github/cvxgrp/cvx_short_course/blob/master/applications/portfolio_optimization.ipynb\n",
    "\n",
    "In this example we show how to do portfolio optimization using CVXPY.\n",
    "We begin with the basic definitions.\n",
    "In portfolio optimization we have some amount of money to invest in any of $n$ different assets. \n",
    "We choose what fraction $w_i$ of our money to invest in each asset $i$, $i=1, \\ldots, n$.\n",
    "\n",
    "We call $w\\in {\\bf R}^n$ the *portfolio allocation vector*.\n",
    "We of course have the constraint that ${\\mathbf 1}^T w =1$.\n",
    "The allocation $w_i<0$ means a *short position* in asset $i$, or that we borrow shares to sell now that we must replace later.\n",
    "The allocation $w \\geq 0$ is a *long only* portfolio.\n",
    "The quantity\n",
    "$$ \\|w \\|_1 = {\\mathbf 1}^T w_+ + {\\mathbf 1}^T w_- $$\n",
    "is known as *leverage*."
   ]
  },
  {
   "cell_type": "markdown",
   "metadata": {},
   "source": [
    "### Asset returns\n",
    "\n",
    "We will only model investments held for one period. The initial prices are $p_i > 0$. The end of period prices are $p_i^+ >0$. The asset (fractional) returns are $r_i = (p_i^+-p_i)/p_i$. The porfolio (fractional) return is $R = r^Tw$.\n",
    "\n",
    "A common model is that $r$ is a random variable with mean ${\\bf E}r = \\mu$ and covariance ${\\bf E{(r-\\mu)(r-\\mu)^T}} = \\Sigma$.\n",
    "It follows that $R$ is a random variable with ${\\bf E}R = \\mu^T w$ and ${\\bf var}(R) = w^T\\Sigma w$.\n",
    "${\\bf E}R$ is the (mean) *return* of the portfolio. ${\\bf var}(R)$ is the *risk* of the portfolio.\n",
    "(Risk is also sometimes given as ${\\bf std}(R) = \\sqrt{{\\bf var}(R)}$.)\n",
    "\n",
    "Portfolio optimization has two competing objectives: high return and low risk."
   ]
  },
  {
   "cell_type": "markdown",
   "metadata": {},
   "source": [
    "### Classical (Markowitz) portfolio optimization\n",
    "\n",
    "Classical (Markowitz) portfolio optimization solves the optimization problem\n",
    "\n",
    "\\begin{array}{ll} \\mbox{maximize} & \\mu^T w - \\gamma w^T\\Sigma w\\\\\n",
    "\\mbox{subject to} & {\\bf 1}^T w = 1, \\quad w \\in {\\cal W},\n",
    "\\end{array}\n",
    "\n",
    "where $w \\in {\\bf R}^n$ is the optimization variable, $\\cal W$ is a set of allowed portfolios (e.g., ${\\cal W} = {\\bf R}_+^n$ for a long only portfolio), and $\\gamma >0$ is the *risk aversion parameter*.\n",
    "\n",
    "The objective $\\mu^Tw - \\gamma w^T\\Sigma w$ is the *risk-adjusted return*. Varying $\\gamma$ gives the optimal *risk-return trade-off*. \n",
    "We can get the same risk-return trade-off by fixing return and minimizing risk."
   ]
  },
  {
   "cell_type": "code",
   "execution_count": 4,
   "metadata": {},
   "outputs": [
    {
     "name": "stdout",
     "output_type": "stream",
     "text": [
      "[[1.62434536]\n",
      " [0.61175641]\n",
      " [0.52817175]\n",
      " [1.07296862]\n",
      " [0.86540763]\n",
      " [2.3015387 ]\n",
      " [1.74481176]\n",
      " [0.7612069 ]\n",
      " [0.3190391 ]\n",
      " [0.24937038]]\n",
      "[[ 8.29575866 -4.43063617 -2.4779362  -3.12228779  1.18688183  2.41923866\n",
      "  -0.13461465 -2.48663202 -3.3612392   0.42673536]\n",
      " [-4.43063617 10.02212085  3.98362518  0.03333264 -1.85899341  2.97034211\n",
      "   2.74289707 -1.29701403  0.89751142 -3.93922325]\n",
      " [-2.4779362   3.98362518  3.87977667  0.83529962  0.84598769 -0.74827504\n",
      "   0.44555862 -2.7734192  -0.50591539 -2.32453459]\n",
      " [-3.12228779  0.03333264  0.83529962  5.88579947  0.03537646 -2.84278637\n",
      "   0.75743519  2.73138673 -1.61206076  1.27144642]\n",
      " [ 1.18688183 -1.85899341  0.84598769  0.03537646  4.34954178 -2.81367077\n",
      "  -0.35505225  0.05792198 -0.16776099  0.52909798]\n",
      " [ 2.41923866  2.97034211 -0.74827504 -2.84278637 -2.81367077  6.57113899\n",
      "   1.21109676 -1.09167712 -0.50230869 -2.12843701]\n",
      " [-0.13461465  2.74289707  0.44555862  0.75743519 -0.35505225  1.21109676\n",
      "   4.52435088  1.67846217  0.7708153  -2.92132792]\n",
      " [-2.48663202 -1.29701403 -2.7734192   2.73138673  0.05792198 -1.09167712\n",
      "   1.67846217 11.02865838  4.9060277   0.22075494]\n",
      " [-3.3612392   0.89751142 -0.50591539 -1.61206076 -0.16776099 -0.50230869\n",
      "   0.7708153   4.9060277   8.22428479 -1.73956017]\n",
      " [ 0.42673536 -3.93922325 -2.32453459  1.27144642  0.52909798 -2.12843701\n",
      "  -2.92132792  0.22075494 -1.73956017  6.63090397]]\n"
     ]
    }
   ],
   "source": [
    "# Generate data for long only portfolio optimization.\n",
    "import numpy as np\n",
    "np.random.seed(1)\n",
    "n = 10\n",
    "mu = np.abs(np.random.randn(n, 1))\n",
    "Sigma = np.random.randn(n, n)\n",
    "Sigma = Sigma.T.dot(Sigma)\n",
    "print(mu)\n",
    "print(Sigma)"
   ]
  },
  {
   "cell_type": "code",
   "execution_count": 3,
   "metadata": {},
   "outputs": [
    {
     "name": "stdout",
     "output_type": "stream",
     "text": [
      "\n",
      "w = var0\n",
      "gamma = param1\n",
      "ret = [[1.62434536 0.61175641 0.52817175 1.07296862 0.86540763 2.3015387\n",
      "  1.74481176 0.7612069  0.3190391  0.24937038]] * var0\n",
      "risk = QuadForm(var0, [[ 8.29575866 -4.43063617 -2.4779362  -3.12228779  1.18688183  2.41923866\n",
      "  -0.13461465 -2.48663202 -3.3612392   0.42673536]\n",
      " [-4.43063617 10.02212085  3.98362518  0.03333264 -1.85899341  2.97034211\n",
      "   2.74289707 -1.29701403  0.89751142 -3.93922325]\n",
      " [-2.4779362   3.98362518  3.87977667  0.83529962  0.84598769 -0.74827504\n",
      "   0.44555862 -2.7734192  -0.50591539 -2.32453459]\n",
      " [-3.12228779  0.03333264  0.83529962  5.88579947  0.03537646 -2.84278637\n",
      "   0.75743519  2.73138673 -1.61206076  1.27144642]\n",
      " [ 1.18688183 -1.85899341  0.84598769  0.03537646  4.34954178 -2.81367077\n",
      "  -0.35505225  0.05792198 -0.16776099  0.52909798]\n",
      " [ 2.41923866  2.97034211 -0.74827504 -2.84278637 -2.81367077  6.57113899\n",
      "   1.21109676 -1.09167712 -0.50230869 -2.12843701]\n",
      " [-0.13461465  2.74289707  0.44555862  0.75743519 -0.35505225  1.21109676\n",
      "   4.52435088  1.67846217  0.7708153  -2.92132792]\n",
      " [-2.48663202 -1.29701403 -2.7734192   2.73138673  0.05792198 -1.09167712\n",
      "   1.67846217 11.02865838  4.9060277   0.22075494]\n",
      " [-3.3612392   0.89751142 -0.50591539 -1.61206076 -0.16776099 -0.50230869\n",
      "   0.7708153   4.9060277   8.22428479 -1.73956017]\n",
      " [ 0.42673536 -3.93922325 -2.32453459  1.27144642  0.52909798 -2.12843701\n",
      "  -2.92132792  0.22075494 -1.73956017  6.63090397]])\n",
      "prob = maximize [[1.62434536 0.61175641 0.52817175 1.07296862 0.86540763 2.3015387\n",
      "  1.74481176 0.7612069  0.3190391  0.24937038]] * var0 + -param1 * QuadForm(var0, [[ 8.29575866 -4.43063617 -2.4779362  -3.12228779  1.18688183  2.41923866\n",
      "  -0.13461465 -2.48663202 -3.3612392   0.42673536]\n",
      " [-4.43063617 10.02212085  3.98362518  0.03333264 -1.85899341  2.97034211\n",
      "   2.74289707 -1.29701403  0.89751142 -3.93922325]\n",
      " [-2.4779362   3.98362518  3.87977667  0.83529962  0.84598769 -0.74827504\n",
      "   0.44555862 -2.7734192  -0.50591539 -2.32453459]\n",
      " [-3.12228779  0.03333264  0.83529962  5.88579947  0.03537646 -2.84278637\n",
      "   0.75743519  2.73138673 -1.61206076  1.27144642]\n",
      " [ 1.18688183 -1.85899341  0.84598769  0.03537646  4.34954178 -2.81367077\n",
      "  -0.35505225  0.05792198 -0.16776099  0.52909798]\n",
      " [ 2.41923866  2.97034211 -0.74827504 -2.84278637 -2.81367077  6.57113899\n",
      "   1.21109676 -1.09167712 -0.50230869 -2.12843701]\n",
      " [-0.13461465  2.74289707  0.44555862  0.75743519 -0.35505225  1.21109676\n",
      "   4.52435088  1.67846217  0.7708153  -2.92132792]\n",
      " [-2.48663202 -1.29701403 -2.7734192   2.73138673  0.05792198 -1.09167712\n",
      "   1.67846217 11.02865838  4.9060277   0.22075494]\n",
      " [-3.3612392   0.89751142 -0.50591539 -1.61206076 -0.16776099 -0.50230869\n",
      "   0.7708153   4.9060277   8.22428479 -1.73956017]\n",
      " [ 0.42673536 -3.93922325 -2.32453459  1.27144642  0.52909798 -2.12843701\n",
      "  -2.92132792  0.22075494 -1.73956017  6.63090397]])\n",
      "subject to Sum(var0, None, False) == 1.0\n",
      "           0.0 <= var0\n",
      "\n"
     ]
    }
   ],
   "source": [
    "# Long only portfolio optimization.\n",
    "import cvxpy as cp\n",
    "\n",
    "w = cp.Variable(n)\n",
    "gamma = cp.Parameter(nonneg=True)\n",
    "ret = mu.T*w \n",
    "risk = cp.quad_form(w, Sigma)\n",
    "prob = cp.Problem(cp.Maximize(ret - gamma*risk), \n",
    "               [cp.sum(w) == 1, \n",
    "                w >= 0])\n",
    "print(f'''\n",
    "w = {w}\n",
    "gamma = {gamma}\n",
    "ret = {ret}\n",
    "risk = {risk}\n",
    "prob = {prob}\n",
    "''')"
   ]
  },
  {
   "cell_type": "code",
   "execution_count": 10,
   "metadata": {},
   "outputs": [],
   "source": [
    "# Compute trade-off curve.\n",
    "SAMPLES = 100\n",
    "risk_data = np.zeros(SAMPLES)\n",
    "ret_data = np.zeros(SAMPLES)\n",
    "gamma_vals = np.logspace(-2, 3, num=SAMPLES)\n",
    "for i in range(SAMPLES):\n",
    "    gamma.value = gamma_vals[i]\n",
    "    prob.solve()\n",
    "    risk_data[i] = cp.sqrt(risk).value\n",
    "    ret_data[i] = ret.value"
   ]
  },
  {
   "cell_type": "code",
   "execution_count": 11,
   "metadata": {},
   "outputs": [
    {
     "data": {
      "image/svg+xml": [
       "<?xml version=\"1.0\" encoding=\"utf-8\" standalone=\"no\"?>\n",
       "<!DOCTYPE svg PUBLIC \"-//W3C//DTD SVG 1.1//EN\"\n",
       "  \"http://www.w3.org/Graphics/SVG/1.1/DTD/svg11.dtd\">\n",
       "<!-- Created with matplotlib (https://matplotlib.org/) -->\n",
       "<svg height=\"262.19625pt\" version=\"1.1\" viewBox=\"0 0 385.78125 262.19625\" width=\"385.78125pt\" xmlns=\"http://www.w3.org/2000/svg\" xmlns:xlink=\"http://www.w3.org/1999/xlink\">\n",
       " <defs>\n",
       "  <style type=\"text/css\">\n",
       "*{stroke-linecap:butt;stroke-linejoin:round;}\n",
       "  </style>\n",
       " </defs>\n",
       " <g id=\"figure_1\">\n",
       "  <g id=\"patch_1\">\n",
       "   <path d=\"M 0 262.19625 \n",
       "L 385.78125 262.19625 \n",
       "L 385.78125 0 \n",
       "L 0 0 \n",
       "z\n",
       "\" style=\"fill:none;\"/>\n",
       "  </g>\n",
       "  <g id=\"axes_1\">\n",
       "   <g id=\"patch_2\">\n",
       "    <path d=\"M 43.78125 224.64 \n",
       "L 378.58125 224.64 \n",
       "L 378.58125 7.2 \n",
       "L 43.78125 7.2 \n",
       "z\n",
       "\" style=\"fill:#ffffff;\"/>\n",
       "   </g>\n",
       "   <g id=\"matplotlib.axis_1\">\n",
       "    <g id=\"xtick_1\">\n",
       "     <g id=\"line2d_1\">\n",
       "      <defs>\n",
       "       <path d=\"M 0 0 \n",
       "L 0 3.5 \n",
       "\" id=\"mc03a5a4f03\" style=\"stroke:#000000;stroke-width:0.8;\"/>\n",
       "      </defs>\n",
       "      <g>\n",
       "       <use style=\"stroke:#000000;stroke-width:0.8;\" x=\"73.4446\" xlink:href=\"#mc03a5a4f03\" y=\"224.64\"/>\n",
       "      </g>\n",
       "     </g>\n",
       "     <g id=\"text_1\">\n",
       "      <!-- 0.5 -->\n",
       "      <defs>\n",
       "       <path d=\"M 31.78125 66.40625 \n",
       "Q 24.171875 66.40625 20.328125 58.90625 \n",
       "Q 16.5 51.421875 16.5 36.375 \n",
       "Q 16.5 21.390625 20.328125 13.890625 \n",
       "Q 24.171875 6.390625 31.78125 6.390625 \n",
       "Q 39.453125 6.390625 43.28125 13.890625 \n",
       "Q 47.125 21.390625 47.125 36.375 \n",
       "Q 47.125 51.421875 43.28125 58.90625 \n",
       "Q 39.453125 66.40625 31.78125 66.40625 \n",
       "z\n",
       "M 31.78125 74.21875 \n",
       "Q 44.046875 74.21875 50.515625 64.515625 \n",
       "Q 56.984375 54.828125 56.984375 36.375 \n",
       "Q 56.984375 17.96875 50.515625 8.265625 \n",
       "Q 44.046875 -1.421875 31.78125 -1.421875 \n",
       "Q 19.53125 -1.421875 13.0625 8.265625 \n",
       "Q 6.59375 17.96875 6.59375 36.375 \n",
       "Q 6.59375 54.828125 13.0625 64.515625 \n",
       "Q 19.53125 74.21875 31.78125 74.21875 \n",
       "z\n",
       "\" id=\"DejaVuSans-48\"/>\n",
       "       <path d=\"M 10.6875 12.40625 \n",
       "L 21 12.40625 \n",
       "L 21 0 \n",
       "L 10.6875 0 \n",
       "z\n",
       "\" id=\"DejaVuSans-46\"/>\n",
       "       <path d=\"M 10.796875 72.90625 \n",
       "L 49.515625 72.90625 \n",
       "L 49.515625 64.59375 \n",
       "L 19.828125 64.59375 \n",
       "L 19.828125 46.734375 \n",
       "Q 21.96875 47.46875 24.109375 47.828125 \n",
       "Q 26.265625 48.1875 28.421875 48.1875 \n",
       "Q 40.625 48.1875 47.75 41.5 \n",
       "Q 54.890625 34.8125 54.890625 23.390625 \n",
       "Q 54.890625 11.625 47.5625 5.09375 \n",
       "Q 40.234375 -1.421875 26.90625 -1.421875 \n",
       "Q 22.3125 -1.421875 17.546875 -0.640625 \n",
       "Q 12.796875 0.140625 7.71875 1.703125 \n",
       "L 7.71875 11.625 \n",
       "Q 12.109375 9.234375 16.796875 8.0625 \n",
       "Q 21.484375 6.890625 26.703125 6.890625 \n",
       "Q 35.15625 6.890625 40.078125 11.328125 \n",
       "Q 45.015625 15.765625 45.015625 23.390625 \n",
       "Q 45.015625 31 40.078125 35.4375 \n",
       "Q 35.15625 39.890625 26.703125 39.890625 \n",
       "Q 22.75 39.890625 18.8125 39.015625 \n",
       "Q 14.890625 38.140625 10.796875 36.28125 \n",
       "z\n",
       "\" id=\"DejaVuSans-53\"/>\n",
       "      </defs>\n",
       "      <g transform=\"translate(65.493037 239.238438)scale(0.1 -0.1)\">\n",
       "       <use xlink:href=\"#DejaVuSans-48\"/>\n",
       "       <use x=\"63.623047\" xlink:href=\"#DejaVuSans-46\"/>\n",
       "       <use x=\"95.410156\" xlink:href=\"#DejaVuSans-53\"/>\n",
       "      </g>\n",
       "     </g>\n",
       "    </g>\n",
       "    <g id=\"xtick_2\">\n",
       "     <g id=\"line2d_2\">\n",
       "      <g>\n",
       "       <use style=\"stroke:#000000;stroke-width:0.8;\" x=\"124.831411\" xlink:href=\"#mc03a5a4f03\" y=\"224.64\"/>\n",
       "      </g>\n",
       "     </g>\n",
       "     <g id=\"text_2\">\n",
       "      <!-- 1.0 -->\n",
       "      <defs>\n",
       "       <path d=\"M 12.40625 8.296875 \n",
       "L 28.515625 8.296875 \n",
       "L 28.515625 63.921875 \n",
       "L 10.984375 60.40625 \n",
       "L 10.984375 69.390625 \n",
       "L 28.421875 72.90625 \n",
       "L 38.28125 72.90625 \n",
       "L 38.28125 8.296875 \n",
       "L 54.390625 8.296875 \n",
       "L 54.390625 0 \n",
       "L 12.40625 0 \n",
       "z\n",
       "\" id=\"DejaVuSans-49\"/>\n",
       "      </defs>\n",
       "      <g transform=\"translate(116.879848 239.238438)scale(0.1 -0.1)\">\n",
       "       <use xlink:href=\"#DejaVuSans-49\"/>\n",
       "       <use x=\"63.623047\" xlink:href=\"#DejaVuSans-46\"/>\n",
       "       <use x=\"95.410156\" xlink:href=\"#DejaVuSans-48\"/>\n",
       "      </g>\n",
       "     </g>\n",
       "    </g>\n",
       "    <g id=\"xtick_3\">\n",
       "     <g id=\"line2d_3\">\n",
       "      <g>\n",
       "       <use style=\"stroke:#000000;stroke-width:0.8;\" x=\"176.218222\" xlink:href=\"#mc03a5a4f03\" y=\"224.64\"/>\n",
       "      </g>\n",
       "     </g>\n",
       "     <g id=\"text_3\">\n",
       "      <!-- 1.5 -->\n",
       "      <g transform=\"translate(168.26666 239.238438)scale(0.1 -0.1)\">\n",
       "       <use xlink:href=\"#DejaVuSans-49\"/>\n",
       "       <use x=\"63.623047\" xlink:href=\"#DejaVuSans-46\"/>\n",
       "       <use x=\"95.410156\" xlink:href=\"#DejaVuSans-53\"/>\n",
       "      </g>\n",
       "     </g>\n",
       "    </g>\n",
       "    <g id=\"xtick_4\">\n",
       "     <g id=\"line2d_4\">\n",
       "      <g>\n",
       "       <use style=\"stroke:#000000;stroke-width:0.8;\" x=\"227.605033\" xlink:href=\"#mc03a5a4f03\" y=\"224.64\"/>\n",
       "      </g>\n",
       "     </g>\n",
       "     <g id=\"text_4\">\n",
       "      <!-- 2.0 -->\n",
       "      <defs>\n",
       "       <path d=\"M 19.1875 8.296875 \n",
       "L 53.609375 8.296875 \n",
       "L 53.609375 0 \n",
       "L 7.328125 0 \n",
       "L 7.328125 8.296875 \n",
       "Q 12.9375 14.109375 22.625 23.890625 \n",
       "Q 32.328125 33.6875 34.8125 36.53125 \n",
       "Q 39.546875 41.84375 41.421875 45.53125 \n",
       "Q 43.3125 49.21875 43.3125 52.78125 \n",
       "Q 43.3125 58.59375 39.234375 62.25 \n",
       "Q 35.15625 65.921875 28.609375 65.921875 \n",
       "Q 23.96875 65.921875 18.8125 64.3125 \n",
       "Q 13.671875 62.703125 7.8125 59.421875 \n",
       "L 7.8125 69.390625 \n",
       "Q 13.765625 71.78125 18.9375 73 \n",
       "Q 24.125 74.21875 28.421875 74.21875 \n",
       "Q 39.75 74.21875 46.484375 68.546875 \n",
       "Q 53.21875 62.890625 53.21875 53.421875 \n",
       "Q 53.21875 48.921875 51.53125 44.890625 \n",
       "Q 49.859375 40.875 45.40625 35.40625 \n",
       "Q 44.1875 33.984375 37.640625 27.21875 \n",
       "Q 31.109375 20.453125 19.1875 8.296875 \n",
       "z\n",
       "\" id=\"DejaVuSans-50\"/>\n",
       "      </defs>\n",
       "      <g transform=\"translate(219.653471 239.238438)scale(0.1 -0.1)\">\n",
       "       <use xlink:href=\"#DejaVuSans-50\"/>\n",
       "       <use x=\"63.623047\" xlink:href=\"#DejaVuSans-46\"/>\n",
       "       <use x=\"95.410156\" xlink:href=\"#DejaVuSans-48\"/>\n",
       "      </g>\n",
       "     </g>\n",
       "    </g>\n",
       "    <g id=\"xtick_5\">\n",
       "     <g id=\"line2d_5\">\n",
       "      <g>\n",
       "       <use style=\"stroke:#000000;stroke-width:0.8;\" x=\"278.991845\" xlink:href=\"#mc03a5a4f03\" y=\"224.64\"/>\n",
       "      </g>\n",
       "     </g>\n",
       "     <g id=\"text_5\">\n",
       "      <!-- 2.5 -->\n",
       "      <g transform=\"translate(271.040282 239.238438)scale(0.1 -0.1)\">\n",
       "       <use xlink:href=\"#DejaVuSans-50\"/>\n",
       "       <use x=\"63.623047\" xlink:href=\"#DejaVuSans-46\"/>\n",
       "       <use x=\"95.410156\" xlink:href=\"#DejaVuSans-53\"/>\n",
       "      </g>\n",
       "     </g>\n",
       "    </g>\n",
       "    <g id=\"xtick_6\">\n",
       "     <g id=\"line2d_6\">\n",
       "      <g>\n",
       "       <use style=\"stroke:#000000;stroke-width:0.8;\" x=\"330.378656\" xlink:href=\"#mc03a5a4f03\" y=\"224.64\"/>\n",
       "      </g>\n",
       "     </g>\n",
       "     <g id=\"text_6\">\n",
       "      <!-- 3.0 -->\n",
       "      <defs>\n",
       "       <path d=\"M 40.578125 39.3125 \n",
       "Q 47.65625 37.796875 51.625 33 \n",
       "Q 55.609375 28.21875 55.609375 21.1875 \n",
       "Q 55.609375 10.40625 48.1875 4.484375 \n",
       "Q 40.765625 -1.421875 27.09375 -1.421875 \n",
       "Q 22.515625 -1.421875 17.65625 -0.515625 \n",
       "Q 12.796875 0.390625 7.625 2.203125 \n",
       "L 7.625 11.71875 \n",
       "Q 11.71875 9.328125 16.59375 8.109375 \n",
       "Q 21.484375 6.890625 26.8125 6.890625 \n",
       "Q 36.078125 6.890625 40.9375 10.546875 \n",
       "Q 45.796875 14.203125 45.796875 21.1875 \n",
       "Q 45.796875 27.640625 41.28125 31.265625 \n",
       "Q 36.765625 34.90625 28.71875 34.90625 \n",
       "L 20.21875 34.90625 \n",
       "L 20.21875 43.015625 \n",
       "L 29.109375 43.015625 \n",
       "Q 36.375 43.015625 40.234375 45.921875 \n",
       "Q 44.09375 48.828125 44.09375 54.296875 \n",
       "Q 44.09375 59.90625 40.109375 62.90625 \n",
       "Q 36.140625 65.921875 28.71875 65.921875 \n",
       "Q 24.65625 65.921875 20.015625 65.03125 \n",
       "Q 15.375 64.15625 9.8125 62.3125 \n",
       "L 9.8125 71.09375 \n",
       "Q 15.4375 72.65625 20.34375 73.4375 \n",
       "Q 25.25 74.21875 29.59375 74.21875 \n",
       "Q 40.828125 74.21875 47.359375 69.109375 \n",
       "Q 53.90625 64.015625 53.90625 55.328125 \n",
       "Q 53.90625 49.265625 50.4375 45.09375 \n",
       "Q 46.96875 40.921875 40.578125 39.3125 \n",
       "z\n",
       "\" id=\"DejaVuSans-51\"/>\n",
       "      </defs>\n",
       "      <g transform=\"translate(322.427093 239.238438)scale(0.1 -0.1)\">\n",
       "       <use xlink:href=\"#DejaVuSans-51\"/>\n",
       "       <use x=\"63.623047\" xlink:href=\"#DejaVuSans-46\"/>\n",
       "       <use x=\"95.410156\" xlink:href=\"#DejaVuSans-48\"/>\n",
       "      </g>\n",
       "     </g>\n",
       "    </g>\n",
       "    <g id=\"text_7\">\n",
       "     <!-- Standard deviation -->\n",
       "     <defs>\n",
       "      <path d=\"M 53.515625 70.515625 \n",
       "L 53.515625 60.890625 \n",
       "Q 47.90625 63.578125 42.921875 64.890625 \n",
       "Q 37.9375 66.21875 33.296875 66.21875 \n",
       "Q 25.25 66.21875 20.875 63.09375 \n",
       "Q 16.5 59.96875 16.5 54.203125 \n",
       "Q 16.5 49.359375 19.40625 46.890625 \n",
       "Q 22.3125 44.4375 30.421875 42.921875 \n",
       "L 36.375 41.703125 \n",
       "Q 47.40625 39.59375 52.65625 34.296875 \n",
       "Q 57.90625 29 57.90625 20.125 \n",
       "Q 57.90625 9.515625 50.796875 4.046875 \n",
       "Q 43.703125 -1.421875 29.984375 -1.421875 \n",
       "Q 24.8125 -1.421875 18.96875 -0.25 \n",
       "Q 13.140625 0.921875 6.890625 3.21875 \n",
       "L 6.890625 13.375 \n",
       "Q 12.890625 10.015625 18.65625 8.296875 \n",
       "Q 24.421875 6.59375 29.984375 6.59375 \n",
       "Q 38.421875 6.59375 43.015625 9.90625 \n",
       "Q 47.609375 13.234375 47.609375 19.390625 \n",
       "Q 47.609375 24.75 44.3125 27.78125 \n",
       "Q 41.015625 30.8125 33.5 32.328125 \n",
       "L 27.484375 33.5 \n",
       "Q 16.453125 35.6875 11.515625 40.375 \n",
       "Q 6.59375 45.0625 6.59375 53.421875 \n",
       "Q 6.59375 63.09375 13.40625 68.65625 \n",
       "Q 20.21875 74.21875 32.171875 74.21875 \n",
       "Q 37.3125 74.21875 42.625 73.28125 \n",
       "Q 47.953125 72.359375 53.515625 70.515625 \n",
       "z\n",
       "\" id=\"DejaVuSans-83\"/>\n",
       "      <path d=\"M 18.3125 70.21875 \n",
       "L 18.3125 54.6875 \n",
       "L 36.8125 54.6875 \n",
       "L 36.8125 47.703125 \n",
       "L 18.3125 47.703125 \n",
       "L 18.3125 18.015625 \n",
       "Q 18.3125 11.328125 20.140625 9.421875 \n",
       "Q 21.96875 7.515625 27.59375 7.515625 \n",
       "L 36.8125 7.515625 \n",
       "L 36.8125 0 \n",
       "L 27.59375 0 \n",
       "Q 17.1875 0 13.234375 3.875 \n",
       "Q 9.28125 7.765625 9.28125 18.015625 \n",
       "L 9.28125 47.703125 \n",
       "L 2.6875 47.703125 \n",
       "L 2.6875 54.6875 \n",
       "L 9.28125 54.6875 \n",
       "L 9.28125 70.21875 \n",
       "z\n",
       "\" id=\"DejaVuSans-116\"/>\n",
       "      <path d=\"M 34.28125 27.484375 \n",
       "Q 23.390625 27.484375 19.1875 25 \n",
       "Q 14.984375 22.515625 14.984375 16.5 \n",
       "Q 14.984375 11.71875 18.140625 8.90625 \n",
       "Q 21.296875 6.109375 26.703125 6.109375 \n",
       "Q 34.1875 6.109375 38.703125 11.40625 \n",
       "Q 43.21875 16.703125 43.21875 25.484375 \n",
       "L 43.21875 27.484375 \n",
       "z\n",
       "M 52.203125 31.203125 \n",
       "L 52.203125 0 \n",
       "L 43.21875 0 \n",
       "L 43.21875 8.296875 \n",
       "Q 40.140625 3.328125 35.546875 0.953125 \n",
       "Q 30.953125 -1.421875 24.3125 -1.421875 \n",
       "Q 15.921875 -1.421875 10.953125 3.296875 \n",
       "Q 6 8.015625 6 15.921875 \n",
       "Q 6 25.140625 12.171875 29.828125 \n",
       "Q 18.359375 34.515625 30.609375 34.515625 \n",
       "L 43.21875 34.515625 \n",
       "L 43.21875 35.40625 \n",
       "Q 43.21875 41.609375 39.140625 45 \n",
       "Q 35.0625 48.390625 27.6875 48.390625 \n",
       "Q 23 48.390625 18.546875 47.265625 \n",
       "Q 14.109375 46.140625 10.015625 43.890625 \n",
       "L 10.015625 52.203125 \n",
       "Q 14.9375 54.109375 19.578125 55.046875 \n",
       "Q 24.21875 56 28.609375 56 \n",
       "Q 40.484375 56 46.34375 49.84375 \n",
       "Q 52.203125 43.703125 52.203125 31.203125 \n",
       "z\n",
       "\" id=\"DejaVuSans-97\"/>\n",
       "      <path d=\"M 54.890625 33.015625 \n",
       "L 54.890625 0 \n",
       "L 45.90625 0 \n",
       "L 45.90625 32.71875 \n",
       "Q 45.90625 40.484375 42.875 44.328125 \n",
       "Q 39.84375 48.1875 33.796875 48.1875 \n",
       "Q 26.515625 48.1875 22.3125 43.546875 \n",
       "Q 18.109375 38.921875 18.109375 30.90625 \n",
       "L 18.109375 0 \n",
       "L 9.078125 0 \n",
       "L 9.078125 54.6875 \n",
       "L 18.109375 54.6875 \n",
       "L 18.109375 46.1875 \n",
       "Q 21.34375 51.125 25.703125 53.5625 \n",
       "Q 30.078125 56 35.796875 56 \n",
       "Q 45.21875 56 50.046875 50.171875 \n",
       "Q 54.890625 44.34375 54.890625 33.015625 \n",
       "z\n",
       "\" id=\"DejaVuSans-110\"/>\n",
       "      <path d=\"M 45.40625 46.390625 \n",
       "L 45.40625 75.984375 \n",
       "L 54.390625 75.984375 \n",
       "L 54.390625 0 \n",
       "L 45.40625 0 \n",
       "L 45.40625 8.203125 \n",
       "Q 42.578125 3.328125 38.25 0.953125 \n",
       "Q 33.9375 -1.421875 27.875 -1.421875 \n",
       "Q 17.96875 -1.421875 11.734375 6.484375 \n",
       "Q 5.515625 14.40625 5.515625 27.296875 \n",
       "Q 5.515625 40.1875 11.734375 48.09375 \n",
       "Q 17.96875 56 27.875 56 \n",
       "Q 33.9375 56 38.25 53.625 \n",
       "Q 42.578125 51.265625 45.40625 46.390625 \n",
       "z\n",
       "M 14.796875 27.296875 \n",
       "Q 14.796875 17.390625 18.875 11.75 \n",
       "Q 22.953125 6.109375 30.078125 6.109375 \n",
       "Q 37.203125 6.109375 41.296875 11.75 \n",
       "Q 45.40625 17.390625 45.40625 27.296875 \n",
       "Q 45.40625 37.203125 41.296875 42.84375 \n",
       "Q 37.203125 48.484375 30.078125 48.484375 \n",
       "Q 22.953125 48.484375 18.875 42.84375 \n",
       "Q 14.796875 37.203125 14.796875 27.296875 \n",
       "z\n",
       "\" id=\"DejaVuSans-100\"/>\n",
       "      <path d=\"M 41.109375 46.296875 \n",
       "Q 39.59375 47.171875 37.8125 47.578125 \n",
       "Q 36.03125 48 33.890625 48 \n",
       "Q 26.265625 48 22.1875 43.046875 \n",
       "Q 18.109375 38.09375 18.109375 28.8125 \n",
       "L 18.109375 0 \n",
       "L 9.078125 0 \n",
       "L 9.078125 54.6875 \n",
       "L 18.109375 54.6875 \n",
       "L 18.109375 46.1875 \n",
       "Q 20.953125 51.171875 25.484375 53.578125 \n",
       "Q 30.03125 56 36.53125 56 \n",
       "Q 37.453125 56 38.578125 55.875 \n",
       "Q 39.703125 55.765625 41.0625 55.515625 \n",
       "z\n",
       "\" id=\"DejaVuSans-114\"/>\n",
       "      <path id=\"DejaVuSans-32\"/>\n",
       "      <path d=\"M 56.203125 29.59375 \n",
       "L 56.203125 25.203125 \n",
       "L 14.890625 25.203125 \n",
       "Q 15.484375 15.921875 20.484375 11.0625 \n",
       "Q 25.484375 6.203125 34.421875 6.203125 \n",
       "Q 39.59375 6.203125 44.453125 7.46875 \n",
       "Q 49.3125 8.734375 54.109375 11.28125 \n",
       "L 54.109375 2.78125 \n",
       "Q 49.265625 0.734375 44.1875 -0.34375 \n",
       "Q 39.109375 -1.421875 33.890625 -1.421875 \n",
       "Q 20.796875 -1.421875 13.15625 6.1875 \n",
       "Q 5.515625 13.8125 5.515625 26.8125 \n",
       "Q 5.515625 40.234375 12.765625 48.109375 \n",
       "Q 20.015625 56 32.328125 56 \n",
       "Q 43.359375 56 49.78125 48.890625 \n",
       "Q 56.203125 41.796875 56.203125 29.59375 \n",
       "z\n",
       "M 47.21875 32.234375 \n",
       "Q 47.125 39.59375 43.09375 43.984375 \n",
       "Q 39.0625 48.390625 32.421875 48.390625 \n",
       "Q 24.90625 48.390625 20.390625 44.140625 \n",
       "Q 15.875 39.890625 15.1875 32.171875 \n",
       "z\n",
       "\" id=\"DejaVuSans-101\"/>\n",
       "      <path d=\"M 2.984375 54.6875 \n",
       "L 12.5 54.6875 \n",
       "L 29.59375 8.796875 \n",
       "L 46.6875 54.6875 \n",
       "L 56.203125 54.6875 \n",
       "L 35.6875 0 \n",
       "L 23.484375 0 \n",
       "z\n",
       "\" id=\"DejaVuSans-118\"/>\n",
       "      <path d=\"M 9.421875 54.6875 \n",
       "L 18.40625 54.6875 \n",
       "L 18.40625 0 \n",
       "L 9.421875 0 \n",
       "z\n",
       "M 9.421875 75.984375 \n",
       "L 18.40625 75.984375 \n",
       "L 18.40625 64.59375 \n",
       "L 9.421875 64.59375 \n",
       "z\n",
       "\" id=\"DejaVuSans-105\"/>\n",
       "      <path d=\"M 30.609375 48.390625 \n",
       "Q 23.390625 48.390625 19.1875 42.75 \n",
       "Q 14.984375 37.109375 14.984375 27.296875 \n",
       "Q 14.984375 17.484375 19.15625 11.84375 \n",
       "Q 23.34375 6.203125 30.609375 6.203125 \n",
       "Q 37.796875 6.203125 41.984375 11.859375 \n",
       "Q 46.1875 17.53125 46.1875 27.296875 \n",
       "Q 46.1875 37.015625 41.984375 42.703125 \n",
       "Q 37.796875 48.390625 30.609375 48.390625 \n",
       "z\n",
       "M 30.609375 56 \n",
       "Q 42.328125 56 49.015625 48.375 \n",
       "Q 55.71875 40.765625 55.71875 27.296875 \n",
       "Q 55.71875 13.875 49.015625 6.21875 \n",
       "Q 42.328125 -1.421875 30.609375 -1.421875 \n",
       "Q 18.84375 -1.421875 12.171875 6.21875 \n",
       "Q 5.515625 13.875 5.515625 27.296875 \n",
       "Q 5.515625 40.765625 12.171875 48.375 \n",
       "Q 18.84375 56 30.609375 56 \n",
       "z\n",
       "\" id=\"DejaVuSans-111\"/>\n",
       "     </defs>\n",
       "     <g transform=\"translate(163.517188 252.916563)scale(0.1 -0.1)\">\n",
       "      <use xlink:href=\"#DejaVuSans-83\"/>\n",
       "      <use x=\"63.476562\" xlink:href=\"#DejaVuSans-116\"/>\n",
       "      <use x=\"102.685547\" xlink:href=\"#DejaVuSans-97\"/>\n",
       "      <use x=\"163.964844\" xlink:href=\"#DejaVuSans-110\"/>\n",
       "      <use x=\"227.34375\" xlink:href=\"#DejaVuSans-100\"/>\n",
       "      <use x=\"290.820312\" xlink:href=\"#DejaVuSans-97\"/>\n",
       "      <use x=\"352.099609\" xlink:href=\"#DejaVuSans-114\"/>\n",
       "      <use x=\"393.197266\" xlink:href=\"#DejaVuSans-100\"/>\n",
       "      <use x=\"456.673828\" xlink:href=\"#DejaVuSans-32\"/>\n",
       "      <use x=\"488.460938\" xlink:href=\"#DejaVuSans-100\"/>\n",
       "      <use x=\"551.9375\" xlink:href=\"#DejaVuSans-101\"/>\n",
       "      <use x=\"613.460938\" xlink:href=\"#DejaVuSans-118\"/>\n",
       "      <use x=\"672.640625\" xlink:href=\"#DejaVuSans-105\"/>\n",
       "      <use x=\"700.423828\" xlink:href=\"#DejaVuSans-97\"/>\n",
       "      <use x=\"761.703125\" xlink:href=\"#DejaVuSans-116\"/>\n",
       "      <use x=\"800.912109\" xlink:href=\"#DejaVuSans-105\"/>\n",
       "      <use x=\"828.695312\" xlink:href=\"#DejaVuSans-111\"/>\n",
       "      <use x=\"889.876953\" xlink:href=\"#DejaVuSans-110\"/>\n",
       "     </g>\n",
       "    </g>\n",
       "   </g>\n",
       "   <g id=\"matplotlib.axis_2\">\n",
       "    <g id=\"ytick_1\">\n",
       "     <g id=\"line2d_7\">\n",
       "      <defs>\n",
       "       <path d=\"M 0 0 \n",
       "L -3.5 0 \n",
       "\" id=\"m7934d60a75\" style=\"stroke:#000000;stroke-width:0.8;\"/>\n",
       "      </defs>\n",
       "      <g>\n",
       "       <use style=\"stroke:#000000;stroke-width:0.8;\" x=\"43.78125\" xlink:href=\"#m7934d60a75\" y=\"190.614756\"/>\n",
       "      </g>\n",
       "     </g>\n",
       "     <g id=\"text_8\">\n",
       "      <!-- 0.5 -->\n",
       "      <g transform=\"translate(20.878125 194.413975)scale(0.1 -0.1)\">\n",
       "       <use xlink:href=\"#DejaVuSans-48\"/>\n",
       "       <use x=\"63.623047\" xlink:href=\"#DejaVuSans-46\"/>\n",
       "       <use x=\"95.410156\" xlink:href=\"#DejaVuSans-53\"/>\n",
       "      </g>\n",
       "     </g>\n",
       "    </g>\n",
       "    <g id=\"ytick_2\">\n",
       "     <g id=\"line2d_8\">\n",
       "      <g>\n",
       "       <use style=\"stroke:#000000;stroke-width:0.8;\" x=\"43.78125\" xlink:href=\"#m7934d60a75\" y=\"142.452838\"/>\n",
       "      </g>\n",
       "     </g>\n",
       "     <g id=\"text_9\">\n",
       "      <!-- 1.0 -->\n",
       "      <g transform=\"translate(20.878125 146.252057)scale(0.1 -0.1)\">\n",
       "       <use xlink:href=\"#DejaVuSans-49\"/>\n",
       "       <use x=\"63.623047\" xlink:href=\"#DejaVuSans-46\"/>\n",
       "       <use x=\"95.410156\" xlink:href=\"#DejaVuSans-48\"/>\n",
       "      </g>\n",
       "     </g>\n",
       "    </g>\n",
       "    <g id=\"ytick_3\">\n",
       "     <g id=\"line2d_9\">\n",
       "      <g>\n",
       "       <use style=\"stroke:#000000;stroke-width:0.8;\" x=\"43.78125\" xlink:href=\"#m7934d60a75\" y=\"94.290919\"/>\n",
       "      </g>\n",
       "     </g>\n",
       "     <g id=\"text_10\">\n",
       "      <!-- 1.5 -->\n",
       "      <g transform=\"translate(20.878125 98.090138)scale(0.1 -0.1)\">\n",
       "       <use xlink:href=\"#DejaVuSans-49\"/>\n",
       "       <use x=\"63.623047\" xlink:href=\"#DejaVuSans-46\"/>\n",
       "       <use x=\"95.410156\" xlink:href=\"#DejaVuSans-53\"/>\n",
       "      </g>\n",
       "     </g>\n",
       "    </g>\n",
       "    <g id=\"ytick_4\">\n",
       "     <g id=\"line2d_10\">\n",
       "      <g>\n",
       "       <use style=\"stroke:#000000;stroke-width:0.8;\" x=\"43.78125\" xlink:href=\"#m7934d60a75\" y=\"46.129001\"/>\n",
       "      </g>\n",
       "     </g>\n",
       "     <g id=\"text_11\">\n",
       "      <!-- 2.0 -->\n",
       "      <g transform=\"translate(20.878125 49.928219)scale(0.1 -0.1)\">\n",
       "       <use xlink:href=\"#DejaVuSans-50\"/>\n",
       "       <use x=\"63.623047\" xlink:href=\"#DejaVuSans-46\"/>\n",
       "       <use x=\"95.410156\" xlink:href=\"#DejaVuSans-48\"/>\n",
       "      </g>\n",
       "     </g>\n",
       "    </g>\n",
       "    <g id=\"text_12\">\n",
       "     <!-- Return -->\n",
       "     <defs>\n",
       "      <path d=\"M 44.390625 34.1875 \n",
       "Q 47.5625 33.109375 50.5625 29.59375 \n",
       "Q 53.5625 26.078125 56.59375 19.921875 \n",
       "L 66.609375 0 \n",
       "L 56 0 \n",
       "L 46.6875 18.703125 \n",
       "Q 43.0625 26.03125 39.671875 28.421875 \n",
       "Q 36.28125 30.8125 30.421875 30.8125 \n",
       "L 19.671875 30.8125 \n",
       "L 19.671875 0 \n",
       "L 9.8125 0 \n",
       "L 9.8125 72.90625 \n",
       "L 32.078125 72.90625 \n",
       "Q 44.578125 72.90625 50.734375 67.671875 \n",
       "Q 56.890625 62.453125 56.890625 51.90625 \n",
       "Q 56.890625 45.015625 53.6875 40.46875 \n",
       "Q 50.484375 35.9375 44.390625 34.1875 \n",
       "z\n",
       "M 19.671875 64.796875 \n",
       "L 19.671875 38.921875 \n",
       "L 32.078125 38.921875 \n",
       "Q 39.203125 38.921875 42.84375 42.21875 \n",
       "Q 46.484375 45.515625 46.484375 51.90625 \n",
       "Q 46.484375 58.296875 42.84375 61.546875 \n",
       "Q 39.203125 64.796875 32.078125 64.796875 \n",
       "z\n",
       "\" id=\"DejaVuSans-82\"/>\n",
       "      <path d=\"M 8.5 21.578125 \n",
       "L 8.5 54.6875 \n",
       "L 17.484375 54.6875 \n",
       "L 17.484375 21.921875 \n",
       "Q 17.484375 14.15625 20.5 10.265625 \n",
       "Q 23.53125 6.390625 29.59375 6.390625 \n",
       "Q 36.859375 6.390625 41.078125 11.03125 \n",
       "Q 45.3125 15.671875 45.3125 23.6875 \n",
       "L 45.3125 54.6875 \n",
       "L 54.296875 54.6875 \n",
       "L 54.296875 0 \n",
       "L 45.3125 0 \n",
       "L 45.3125 8.40625 \n",
       "Q 42.046875 3.421875 37.71875 1 \n",
       "Q 33.40625 -1.421875 27.6875 -1.421875 \n",
       "Q 18.265625 -1.421875 13.375 4.4375 \n",
       "Q 8.5 10.296875 8.5 21.578125 \n",
       "z\n",
       "M 31.109375 56 \n",
       "z\n",
       "\" id=\"DejaVuSans-117\"/>\n",
       "     </defs>\n",
       "     <g transform=\"translate(14.798438 132.82)rotate(-90)scale(0.1 -0.1)\">\n",
       "      <use xlink:href=\"#DejaVuSans-82\"/>\n",
       "      <use x=\"69.419922\" xlink:href=\"#DejaVuSans-101\"/>\n",
       "      <use x=\"130.943359\" xlink:href=\"#DejaVuSans-116\"/>\n",
       "      <use x=\"170.152344\" xlink:href=\"#DejaVuSans-117\"/>\n",
       "      <use x=\"233.53125\" xlink:href=\"#DejaVuSans-114\"/>\n",
       "      <use x=\"274.628906\" xlink:href=\"#DejaVuSans-110\"/>\n",
       "     </g>\n",
       "    </g>\n",
       "   </g>\n",
       "   <g id=\"line2d_11\">\n",
       "    <path clip-path=\"url(#p90bfefad4d)\" d=\"M 285.510086 17.083636 \n",
       "L 285.510086 17.083636 \n",
       "L 285.510086 17.083636 \n",
       "L 285.510086 17.083636 \n",
       "L 285.510086 17.083636 \n",
       "L 285.510086 17.083636 \n",
       "L 285.510086 17.083636 \n",
       "L 285.510086 17.083636 \n",
       "L 285.510086 17.083636 \n",
       "L 285.510086 17.083636 \n",
       "L 285.510086 17.083636 \n",
       "L 285.510086 17.083636 \n",
       "L 285.510086 17.083636 \n",
       "L 285.510086 17.083636 \n",
       "L 285.510086 17.083636 \n",
       "L 273.526714 20.147641 \n",
       "L 261.341207 23.449595 \n",
       "L 251.224658 26.389044 \n",
       "L 242.878527 29.005786 \n",
       "L 229.916643 33.395651 \n",
       "L 216.158762 38.257701 \n",
       "L 202.750878 43.234807 \n",
       "L 188.222614 48.846459 \n",
       "L 174.194996 54.410928 \n",
       "L 162.08378 59.364501 \n",
       "L 151.684622 63.774247 \n",
       "L 142.809042 67.69987 \n",
       "L 135.28221 71.194518 \n",
       "L 128.941517 74.305507 \n",
       "L 123.635896 77.074956 \n",
       "L 119.225738 79.540361 \n",
       "L 115.583176 81.735102 \n",
       "L 112.592476 83.688894 \n",
       "L 109.773635 85.706541 \n",
       "L 104.909532 89.422365 \n",
       "L 100.146628 93.282538 \n",
       "L 96.07621 96.781626 \n",
       "L 92.68405 99.896567 \n",
       "L 89.834443 102.711566 \n",
       "L 84.734022 108.041734 \n",
       "L 80.376055 112.786729 \n",
       "L 76.676025 117.010796 \n",
       "L 73.555344 120.771123 \n",
       "L 70.940963 124.118624 \n",
       "L 68.765289 127.098619 \n",
       "L 66.966304 129.751456 \n",
       "L 65.487743 132.113051 \n",
       "L 64.27925 134.215379 \n",
       "L 63.296393 136.086903 \n",
       "L 62.500535 137.752962 \n",
       "L 61.858529 139.236113 \n",
       "L 61.3423 140.556436 \n",
       "L 60.928327 141.731807 \n",
       "L 60.426549 143.321425 \n",
       "L 59.974942 144.900715 \n",
       "L 59.639709 146.19865 \n",
       "L 59.507736 146.771444 \n",
       "L 59.402818 147.281353 \n",
       "L 59.319463 147.735281 \n",
       "L 59.253272 148.139376 \n",
       "L 59.200734 148.499106 \n",
       "L 59.159045 148.819344 \n",
       "L 59.125975 149.104425 \n",
       "L 59.099746 149.358208 \n",
       "L 59.078946 149.584129 \n",
       "L 59.062455 149.785248 \n",
       "L 59.049381 149.964287 \n",
       "L 59.039016 150.12367 \n",
       "L 59.0308 150.265555 \n",
       "L 59.024288 150.391863 \n",
       "L 59.019127 150.504305 \n",
       "L 59.015036 150.604402 \n",
       "L 59.011793 150.69351 \n",
       "L 59.009224 150.772836 \n",
       "L 59.007187 150.843452 \n",
       "L 59.005573 150.906316 \n",
       "L 59.004294 150.962279 \n",
       "L 59.00328 151.012097 \n",
       "L 59.002477 151.056447 \n",
       "L 59.00184 151.095927 \n",
       "L 59.001336 151.131073 \n",
       "L 59.000936 151.162361 \n",
       "L 59.000619 151.190213 \n",
       "L 59.000368 151.215008 \n",
       "L 59.000169 151.237081 \n",
       "L 59.000011 151.25673 \n",
       "L 58.999886 151.274223 \n",
       "L 58.999787 151.289795 \n",
       "L 58.999708 151.303657 \n",
       "L 58.999646 151.315997 \n",
       "L 58.999597 151.326983 \n",
       "L 58.999558 151.336763 \n",
       "L 58.999527 151.345469 \n",
       "L 58.999502 151.353219 \n",
